3,2
3,1
3,3
10,290
10,212
10,166
10,152
10,170
10,204
10,222
10,288
10,2
10,3
11,17
11,14
11,13
9,7
9,4
9,1
9,6
9,2
9,3
8,4
8,12
8,11
8,1
8,9
8,2
8,3
0,455
64,3
64,2
64,1
63,4
63,3
63,2
63,1
61,3
61,1
53,3
53,1
51,3
51,2
51,1
50,5
50,4
50,3
50,2
50,1
49,3
49,1
47,3
47,1
31,4
31,3
31,2
31,1
31,0
30,4
30,3
30,2
30,1
30,0
29,7
29,6
29,5
29,4
29,3
29,2
29,1
29,0
28,4
28,3
28,2
28,1
28,0
27,3
27,2
27,1
27,0
26,3
26,2
26,1
26,0
25,3
25,2
25,1
25,0
24,3
24,2
24,1
24,0
23,3
23,2
23,1
23,0
20,3
20,2
20,1
19,3
14,1
19,2
14,3
13,1
19,1
13,3
18,3
18,1
12,3
12,2
12,1
11,26
11,25
11,24
11,23
11,21
11,20
11,18
11,16
11,12
